        0.0000        0.0000        0.0000        0.0000
        0.1000        0.0739        0.0554        0.0370
        0.2000        0.0738        0.0554        0.0369
        0.3000        0.0736        0.0552        0.0368
        0.4000        0.0733        0.0550        0.0366
        0.5000        0.0729        0.0547        0.0364
        0.6000        0.0724        0.0543        0.0362
        0.7000        0.0718        0.0538        0.0359
        0.8000        0.0711        0.0533        0.0355
        0.9000        0.0703        0.0527        0.0351
        1.0000        0.0694        0.0521        0.0347
        1.1000        0.0684        0.0513        0.0342
        1.2000        0.0673        0.0505        0.0337
        1.3000        0.0662        0.0496        0.0331
        1.4000        0.0649        0.0487        0.0325
        1.5000        0.0636        0.0477        0.0318
        1.6000        0.0621        0.0466        0.0311
        1.7000        0.0606        0.0454        0.0303
        1.8000        0.0590        0.0442        0.0295
        1.9000        0.0573        0.0430        0.0286
        2.0000        0.0555        0.0417        0.0278
        2.1000        0.0537        0.0403        0.0268
        2.2000        0.0518        0.0388        0.0259
        2.3000        0.0498        0.0373        0.0249
        2.4000        0.0477        0.0358        0.0239
        2.5000        0.0456        0.0342        0.0228
        2.6000        0.0434        0.0326        0.0217
        2.7000        0.0412        0.0309        0.0206
        2.8000        0.0389        0.0292        0.0195
        2.9000        0.0366        0.0274        0.0183
        3.0000        0.0342        0.0256        0.0171
        3.1000        0.0317        0.0238        0.0159
        3.2000        0.0292        0.0219        0.0146
        3.3000        0.0267        0.0200        0.0134
        3.4000        0.0241        0.0181        0.0121
        3.5000        0.0215        0.0162        0.0108
        3.6000        0.0189        0.0142        0.0095
        3.7000        0.0163        0.0122        0.0081
        3.8000        0.0136        0.0102        0.0068
        3.9000        0.0109        0.0082        0.0054
        4.0000        0.0082        0.0061        0.0041
        4.1000        0.0055        0.0041        0.0027
        4.2000        0.0027        0.0020        0.0014
        4.3000        0.0000        0.0000        0.0000
        4.4000       -0.0027       -0.0020       -0.0014
        4.5000       -0.0055       -0.0041       -0.0027
        4.6000       -0.0082       -0.0061       -0.0041
        4.7000       -0.0109       -0.0082       -0.0054
        4.8000       -0.0136       -0.0102       -0.0068
        4.9000       -0.0163       -0.0122       -0.0081
        5.0000       -0.0189       -0.0142       -0.0095
        5.1000       -0.0215       -0.0162       -0.0108
        5.2000       -0.0241       -0.0181       -0.0121
        5.3000       -0.0267       -0.0200       -0.0134
        5.4000       -0.0292       -0.0219       -0.0146
        5.5000       -0.0317       -0.0238       -0.0159
        5.6000       -0.0342       -0.0256       -0.0171
        5.7000       -0.0366       -0.0274       -0.0183
        5.8000       -0.0389       -0.0292       -0.0195
        5.9000       -0.0412       -0.0309       -0.0206
        6.0000       -0.0434       -0.0326       -0.0217
        6.1000       -0.0456       -0.0342       -0.0228
        6.2000       -0.0477       -0.0358       -0.0239
        6.3000       -0.0498       -0.0373       -0.0249
        6.4000       -0.0518       -0.0388       -0.0259
        6.5000       -0.0537       -0.0403       -0.0268
        6.6000       -0.0555       -0.0417       -0.0278
        6.7000       -0.0573       -0.0430       -0.0286
        6.8000       -0.0590       -0.0442       -0.0295
        6.9000       -0.0606       -0.0454       -0.0303
        7.0000       -0.0621       -0.0466       -0.0311
        7.1000       -0.0636       -0.0477       -0.0318
        7.2000       -0.0649       -0.0487       -0.0325
        7.3000       -0.0662       -0.0496       -0.0331
        7.4000       -0.0673       -0.0505       -0.0337
        7.5000       -0.0684       -0.0513       -0.0342
        7.6000       -0.0694       -0.0521       -0.0347
        7.7000       -0.0703       -0.0527       -0.0351
        7.8000       -0.0711       -0.0533       -0.0355
        7.9000       -0.0718       -0.0538       -0.0359
        8.0000       -0.0724       -0.0543       -0.0362
        8.1000       -0.0729       -0.0547       -0.0364
        8.2000       -0.0733       -0.0550       -0.0366
        8.3000       -0.0736       -0.0552       -0.0368
        8.4000       -0.0738       -0.0554       -0.0369
        8.5000       -0.0739       -0.0554       -0.0370
        8.6000       -0.0739       -0.0554       -0.0370
        8.7000       -0.0738       -0.0554       -0.0369
        8.8000       -0.0736       -0.0552       -0.0368
        8.9000       -0.0733       -0.0550       -0.0366
        9.0000       -0.0729       -0.0547       -0.0364
        9.1000       -0.0724       -0.0543       -0.0362
        9.2000       -0.0718       -0.0538       -0.0359
        9.3000       -0.0711       -0.0533       -0.0355
        9.4000       -0.0703       -0.0527       -0.0351
        9.5000       -0.0694       -0.0521       -0.0347
        9.6000       -0.0684       -0.0513       -0.0342
        9.7000       -0.0673       -0.0505       -0.0337
        9.8000       -0.0662       -0.0496       -0.0331
        9.9000       -0.0649       -0.0487       -0.0325
       10.0000       -0.0636       -0.0477       -0.0318
       10.1000       -0.0621       -0.0466       -0.0311
       10.2000       -0.0606       -0.0454       -0.0303
       10.3000       -0.0590       -0.0442       -0.0295
       10.4000       -0.0573       -0.0430       -0.0286
       10.5000       -0.0555       -0.0417       -0.0278
       10.6000       -0.0537       -0.0403       -0.0268
       10.7000       -0.0518       -0.0388       -0.0259
       10.8000       -0.0498       -0.0373       -0.0249
       10.9000       -0.0477       -0.0358       -0.0239
       11.0000       -0.0456       -0.0342       -0.0228
       11.1000       -0.0434       -0.0326       -0.0217
       11.2000       -0.0412       -0.0309       -0.0206
       11.3000       -0.0389       -0.0292       -0.0195
       11.4000       -0.0366       -0.0274       -0.0183
       11.5000       -0.0342       -0.0256       -0.0171
       11.6000       -0.0317       -0.0238       -0.0159
       11.7000       -0.0292       -0.0219       -0.0146
       11.8000       -0.0267       -0.0200       -0.0134
       11.9000       -0.0241       -0.0181       -0.0121
       12.0000       -0.0215       -0.0162       -0.0108
       12.1000       -0.0189       -0.0142       -0.0095
       12.2000       -0.0163       -0.0122       -0.0081
       12.3000       -0.0136       -0.0102       -0.0068
       12.4000       -0.0109       -0.0082       -0.0054
       12.5000       -0.0082       -0.0061       -0.0041
       12.6000       -0.0055       -0.0041       -0.0027
       12.7000       -0.0027       -0.0020       -0.0014
       12.8000        0.0000        0.0000        0.0000
       12.9000        0.0027        0.0020        0.0014
       13.0000        0.0055        0.0041        0.0027
       13.1000        0.0082        0.0061        0.0041
       13.2000        0.0109        0.0082        0.0054
       13.3000        0.0136        0.0102        0.0068
       13.4000        0.0163        0.0122        0.0081
       13.5000        0.0189        0.0142        0.0095
       13.6000        0.0215        0.0162        0.0108
       13.7000        0.0241        0.0181        0.0121
       13.8000        0.0267        0.0200        0.0134
       13.9000        0.0292        0.0219        0.0146
       14.0000        0.0317        0.0238        0.0159
       14.1000        0.0342        0.0256        0.0171
       14.2000        0.0366        0.0274        0.0183
       14.3000        0.0389        0.0292        0.0195
       14.4000        0.0412        0.0309        0.0206
       14.5000        0.0434        0.0326        0.0217
       14.6000        0.0456        0.0342        0.0228
       14.7000        0.0477        0.0358        0.0239
       14.8000        0.0498        0.0373        0.0249
       14.9000        0.0518        0.0388        0.0259
       15.0000        0.0537        0.0403        0.0268
       15.1000        0.0555        0.0417        0.0278
       15.2000        0.0573        0.0430        0.0286
       15.3000        0.0590        0.0442        0.0295
       15.4000        0.0606        0.0454        0.0303
       15.5000        0.0621        0.0466        0.0311
       15.6000        0.0636        0.0477        0.0318
       15.7000        0.0649        0.0487        0.0325
       15.8000        0.0662        0.0496        0.0331
       15.9000        0.0673        0.0505        0.0337
       16.0000        0.0684        0.0513        0.0342
       16.1000        0.0694        0.0521        0.0347
       16.2000        0.0703        0.0527        0.0351
       16.3000        0.0711        0.0533        0.0355
       16.4000        0.0718        0.0538        0.0359
       16.5000        0.0724        0.0543        0.0362
       16.6000        0.0729        0.0547        0.0364
       16.7000        0.0733        0.0550        0.0366
       16.8000        0.0736        0.0552        0.0368
       16.9000        0.0738        0.0554        0.0369
       17.0000        0.0739        0.0554        0.0370
       17.1000        0.0739        0.0554        0.0370
       17.2000        0.0738        0.0554        0.0369
       17.3000        0.0736        0.0552        0.0368
       17.4000        0.0733        0.0550        0.0366
       17.5000        0.0729        0.0547        0.0364
       17.6000        0.0724        0.0543        0.0362
       17.7000        0.0718        0.0538        0.0359
       17.8000        0.0711        0.0533        0.0355
       17.9000        0.0703        0.0527        0.0351
       18.0000        0.0694        0.0521        0.0347
       18.1000        0.0684        0.0513        0.0342
       18.2000        0.0673        0.0505        0.0337
       18.3000        0.0662        0.0496        0.0331
       18.4000        0.0649        0.0487        0.0325
       18.5000        0.0636        0.0477        0.0318
       18.6000        0.0621        0.0466        0.0311
       18.7000        0.0606        0.0454        0.0303
       18.8000        0.0590        0.0442        0.0295
       18.9000        0.0573        0.0430        0.0286
       19.0000        0.0555        0.0417        0.0278
       19.1000        0.0537        0.0403        0.0268
       19.2000        0.0518        0.0388        0.0259
       19.3000        0.0498        0.0373        0.0249
       19.4000        0.0477        0.0358        0.0239
       19.5000        0.0456        0.0342        0.0228
       19.6000        0.0434        0.0326        0.0217
       19.7000        0.0412        0.0309        0.0206
       19.8000        0.0389        0.0292        0.0195
       19.9000        0.0366        0.0274        0.0183
       20.0000        0.0342        0.0256        0.0171
       20.1000        0.0317        0.0238        0.0159
       20.2000        0.0292        0.0219        0.0146
       20.3000        0.0267        0.0200        0.0134
       20.4000        0.0241        0.0181        0.0121
       20.5000        0.0215        0.0162        0.0108
       20.6000        0.0189        0.0142        0.0095
       20.7000        0.0163        0.0122        0.0081
       20.8000        0.0136        0.0102        0.0068
       20.9000        0.0109        0.0082        0.0054
       21.0000        0.0082        0.0061        0.0041
       21.1000        0.0055        0.0041        0.0027
       21.2000        0.0027        0.0020        0.0014
       21.3000        0.0000        0.0000        0.0000
       21.4000       -0.0027       -0.0020       -0.0014
       21.5000       -0.0055       -0.0041       -0.0027
       21.6000       -0.0082       -0.0061       -0.0041
       21.7000       -0.0109       -0.0082       -0.0054
       21.8000       -0.0136       -0.0102       -0.0068
       21.9000       -0.0163       -0.0122       -0.0081
       22.0000       -0.0189       -0.0142       -0.0095
       22.1000       -0.0215       -0.0162       -0.0108
       22.2000       -0.0241       -0.0181       -0.0121
       22.3000       -0.0267       -0.0200       -0.0134
       22.4000       -0.0292       -0.0219       -0.0146
       22.5000       -0.0317       -0.0238       -0.0159
       22.6000       -0.0342       -0.0256       -0.0171
       22.7000       -0.0366       -0.0274       -0.0183
       22.8000       -0.0389       -0.0292       -0.0195
       22.9000       -0.0412       -0.0309       -0.0206
       23.0000       -0.0434       -0.0326       -0.0217
       23.1000       -0.0456       -0.0342       -0.0228
       23.2000       -0.0477       -0.0358       -0.0239
       23.3000       -0.0498       -0.0373       -0.0249
       23.4000       -0.0518       -0.0388       -0.0259
       23.5000       -0.0537       -0.0403       -0.0268
       23.6000       -0.0555       -0.0417       -0.0278
       23.7000       -0.0573       -0.0430       -0.0286
       23.8000       -0.0590       -0.0442       -0.0295
       23.9000       -0.0606       -0.0454       -0.0303
       24.0000       -0.0621       -0.0466       -0.0311
       24.1000       -0.0636       -0.0477       -0.0318
       24.2000       -0.0649       -0.0487       -0.0325
       24.3000       -0.0662       -0.0496       -0.0331
       24.4000       -0.0673       -0.0505       -0.0337
       24.5000       -0.0684       -0.0513       -0.0342
       24.6000       -0.0694       -0.0521       -0.0347
       24.7000       -0.0703       -0.0527       -0.0351
       24.8000       -0.0711       -0.0533       -0.0355
       24.9000       -0.0718       -0.0538       -0.0359
       25.0000       -0.0724       -0.0543       -0.0362
       25.1000       -0.0729       -0.0547       -0.0364
       25.2000       -0.0733       -0.0550       -0.0366
       25.3000       -0.0736       -0.0552       -0.0368
       25.4000       -0.0738       -0.0554       -0.0369
       25.5000       -0.0739       -0.0554       -0.0370
       25.6000       -0.0739       -0.0554       -0.0370
       25.7000       -0.0738       -0.0554       -0.0369
       25.8000       -0.0736       -0.0552       -0.0368
       25.9000       -0.0733       -0.0550       -0.0366
       26.0000       -0.0729       -0.0547       -0.0364
       26.1000       -0.0724       -0.0543       -0.0362
       26.2000       -0.0718       -0.0538       -0.0359
       26.3000       -0.0711       -0.0533       -0.0355
       26.4000       -0.0703       -0.0527       -0.0351
       26.5000       -0.0694       -0.0521       -0.0347
       26.6000       -0.0684       -0.0513       -0.0342
       26.7000       -0.0673       -0.0505       -0.0337
       26.8000       -0.0662       -0.0496       -0.0331
       26.9000       -0.0649       -0.0487       -0.0325
       27.0000       -0.0636       -0.0477       -0.0318
       27.1000       -0.0621       -0.0466       -0.0311
       27.2000       -0.0606       -0.0454       -0.0303
       27.3000       -0.0590       -0.0442       -0.0295
       27.4000       -0.0573       -0.0430       -0.0286
       27.5000       -0.0555       -0.0417       -0.0278
       27.6000       -0.0537       -0.0403       -0.0268
       27.7000       -0.0518       -0.0388       -0.0259
       27.8000       -0.0498       -0.0373       -0.0249
       27.9000       -0.0477       -0.0358       -0.0239
       28.0000       -0.0456       -0.0342       -0.0228
       28.1000       -0.0434       -0.0326       -0.0217
       28.2000       -0.0412       -0.0309       -0.0206
       28.3000       -0.0389       -0.0292       -0.0195
       28.4000       -0.0366       -0.0274       -0.0183
       28.5000       -0.0342       -0.0256       -0.0171
       28.6000       -0.0317       -0.0238       -0.0159
       28.7000       -0.0292       -0.0219       -0.0146
       28.8000       -0.0267       -0.0200       -0.0134
       28.9000       -0.0241       -0.0181       -0.0121
       29.0000       -0.0215       -0.0162       -0.0108
       29.1000       -0.0189       -0.0142       -0.0095
       29.2000       -0.0163       -0.0122       -0.0081
       29.3000       -0.0136       -0.0102       -0.0068
       29.4000       -0.0109       -0.0082       -0.0054
       29.5000       -0.0082       -0.0061       -0.0041
       29.6000       -0.0055       -0.0041       -0.0027
       29.7000       -0.0027       -0.0020       -0.0014
       29.8000        0.0000        0.0000        0.0000
       29.9000        0.0027        0.0020        0.0014
       30.0000        0.0055        0.0041        0.0027
       30.1000        0.0082        0.0061        0.0041
       30.2000        0.0109        0.0082        0.0054
       30.3000        0.0136        0.0102        0.0068
       30.4000        0.0163        0.0122        0.0081
       30.5000        0.0189        0.0142        0.0095
       30.6000        0.0215        0.0162        0.0108
       30.7000        0.0241        0.0181        0.0121
       30.8000        0.0267        0.0200        0.0134
       30.9000        0.0292        0.0219        0.0146
       31.0000        0.0317        0.0238        0.0159
       31.1000        0.0342        0.0256        0.0171
       31.2000        0.0366        0.0274        0.0183
       31.3000        0.0389        0.0292        0.0195
       31.4000        0.0412        0.0309        0.0206
       31.5000        0.0434        0.0326        0.0217
       31.6000        0.0456        0.0342        0.0228
       31.7000        0.0477        0.0358        0.0239
       31.8000        0.0498        0.0373        0.0249
       31.9000        0.0518        0.0388        0.0259
       32.0000        0.0537        0.0403        0.0268
       32.1000        0.0555        0.0417        0.0278
       32.2000        0.0573        0.0430        0.0286
       32.3000        0.0590        0.0442        0.0295
       32.4000        0.0606        0.0454        0.0303
       32.5000        0.0621        0.0466        0.0311
       32.6000        0.0636        0.0477        0.0318
       32.7000        0.0649        0.0487        0.0325
       32.8000        0.0662        0.0496        0.0331
       32.9000        0.0673        0.0505        0.0337
       33.0000        0.0684        0.0513        0.0342
       33.1000        0.0694        0.0521        0.0347
       33.2000        0.0703        0.0527        0.0351
       33.3000        0.0711        0.0533        0.0355
       33.4000        0.0718        0.0538        0.0359
       33.5000        0.0724        0.0543        0.0362
       33.6000        0.0729        0.0547        0.0364
       33.7000        0.0733        0.0550        0.0366
       33.8000        0.0736        0.0552        0.0368
       33.9000        0.0738        0.0554        0.0369
       34.0000        0.0739        0.0554        0.0370
       34.1000        0.0739        0.0554        0.0370
       34.2000        0.0738        0.0554        0.0369
       34.3000        0.0736        0.0552        0.0368
       34.4000        0.0733        0.0550        0.0366
       34.5000        0.0729        0.0547        0.0364
       34.6000        0.0724        0.0543        0.0362
       34.7000        0.0718        0.0538        0.0359
       34.8000        0.0711        0.0533        0.0355
       34.9000        0.0703        0.0527        0.0351
       35.0000        0.0694        0.0521        0.0347
       35.1000        0.0684        0.0513        0.0342
       35.2000        0.0673        0.0505        0.0337
       35.3000        0.0662        0.0496        0.0331
       35.4000        0.0649        0.0487        0.0325
       35.5000        0.0636        0.0477        0.0318
       35.6000        0.0621        0.0466        0.0311
       35.7000        0.0606        0.0454        0.0303
       35.8000        0.0590        0.0442        0.0295
       35.9000        0.0573        0.0430        0.0286
       36.0000        0.0555        0.0417        0.0278
       36.1000        0.0537        0.0403        0.0268
       36.2000        0.0518        0.0388        0.0259
       36.3000        0.0498        0.0373        0.0249
       36.4000        0.0477        0.0358        0.0239
       36.5000        0.0456        0.0342        0.0228
       36.6000        0.0434        0.0326        0.0217
       36.7000        0.0412        0.0309        0.0206
       36.8000        0.0389        0.0292        0.0195
       36.9000        0.0366        0.0274        0.0183
       37.0000        0.0342        0.0256        0.0171
       37.1000        0.0317        0.0238        0.0159
       37.2000        0.0292        0.0219        0.0146
       37.3000        0.0267        0.0200        0.0134
       37.4000        0.0241        0.0181        0.0121
       37.5000        0.0215        0.0162        0.0108
       37.6000        0.0189        0.0142        0.0095
       37.7000        0.0163        0.0122        0.0081
       37.8000        0.0136        0.0102        0.0068
       37.9000        0.0109        0.0082        0.0054
       38.0000        0.0082        0.0061        0.0041
       38.1000        0.0055        0.0041        0.0027
       38.2000        0.0027        0.0020        0.0014
       38.3000        0.0000        0.0000        0.0000
       38.4000       -0.0027       -0.0020       -0.0014
       38.5000       -0.0055       -0.0041       -0.0027
       38.6000       -0.0082       -0.0061       -0.0041
       38.7000       -0.0109       -0.0082       -0.0054
       38.8000       -0.0136       -0.0102       -0.0068
       38.9000       -0.0163       -0.0122       -0.0081
       39.0000       -0.0189       -0.0142       -0.0095
       39.1000       -0.0215       -0.0162       -0.0108
       39.2000       -0.0241       -0.0181       -0.0121
       39.3000       -0.0267       -0.0200       -0.0134
       39.4000       -0.0292       -0.0219       -0.0146
       39.5000       -0.0317       -0.0238       -0.0159
       39.6000       -0.0342       -0.0256       -0.0171
       39.7000       -0.0366       -0.0274       -0.0183
       39.8000       -0.0389       -0.0292       -0.0195
       39.9000       -0.0412       -0.0309       -0.0206
       40.0000       -0.0434       -0.0326       -0.0217
       40.1000       -0.0456       -0.0342       -0.0228
       40.2000       -0.0477       -0.0358       -0.0239
       40.3000       -0.0498       -0.0373       -0.0249
       40.4000       -0.0518       -0.0388       -0.0259
       40.5000       -0.0537       -0.0403       -0.0268
       40.6000       -0.0555       -0.0417       -0.0278
       40.7000       -0.0573       -0.0430       -0.0286
       40.8000       -0.0590       -0.0442       -0.0295
       40.9000       -0.0606       -0.0454       -0.0303
       41.0000       -0.0621       -0.0466       -0.0311
       41.1000       -0.0636       -0.0477       -0.0318
       41.2000       -0.0649       -0.0487       -0.0325
       41.3000       -0.0662       -0.0496       -0.0331
       41.4000       -0.0673       -0.0505       -0.0337
       41.5000       -0.0684       -0.0513       -0.0342
       41.6000       -0.0694       -0.0521       -0.0347
       41.7000       -0.0703       -0.0527       -0.0351
       41.8000       -0.0711       -0.0533       -0.0355
       41.9000       -0.0718       -0.0538       -0.0359
       42.0000       -0.0724       -0.0543       -0.0362
       42.1000       -0.0729       -0.0547       -0.0364
       42.2000       -0.0733       -0.0550       -0.0366
       42.3000       -0.0736       -0.0552       -0.0368
       42.4000       -0.0738       -0.0554       -0.0369
       42.5000       -0.0739       -0.0554       -0.0370
       42.6000       -0.0739       -0.0554       -0.0370
       42.7000       -0.0738       -0.0554       -0.0369
       42.8000       -0.0736       -0.0552       -0.0368
       42.9000       -0.0733       -0.0550       -0.0366
       43.0000       -0.0729       -0.0547       -0.0364
       43.1000       -0.0724       -0.0543       -0.0362
       43.2000       -0.0718       -0.0538       -0.0359
       43.3000       -0.0711       -0.0533       -0.0355
       43.4000       -0.0703       -0.0527       -0.0351
       43.5000       -0.0694       -0.0521       -0.0347
       43.6000       -0.0684       -0.0513       -0.0342
       43.7000       -0.0673       -0.0505       -0.0337
       43.8000       -0.0662       -0.0496       -0.0331
       43.9000       -0.0649       -0.0487       -0.0325
       44.0000       -0.0636       -0.0477       -0.0318
       44.1000       -0.0621       -0.0466       -0.0311
       44.2000       -0.0606       -0.0454       -0.0303
       44.3000       -0.0590       -0.0442       -0.0295
       44.4000       -0.0573       -0.0430       -0.0286
       44.5000       -0.0555       -0.0417       -0.0278
       44.6000       -0.0537       -0.0403       -0.0268
       44.7000       -0.0518       -0.0388       -0.0259
       44.8000       -0.0498       -0.0373       -0.0249
       44.9000       -0.0477       -0.0358       -0.0239
       45.0000       -0.0456       -0.0342       -0.0228
       45.1000       -0.0434       -0.0326       -0.0217
       45.2000       -0.0412       -0.0309       -0.0206
       45.3000       -0.0389       -0.0292       -0.0195
       45.4000       -0.0366       -0.0274       -0.0183
       45.5000       -0.0342       -0.0256       -0.0171
       45.6000       -0.0317       -0.0238       -0.0159
       45.7000       -0.0292       -0.0219       -0.0146
       45.8000       -0.0267       -0.0200       -0.0134
       45.9000       -0.0241       -0.0181       -0.0121
       46.0000       -0.0215       -0.0162       -0.0108
       46.1000       -0.0189       -0.0142       -0.0095
       46.2000       -0.0163       -0.0122       -0.0081
       46.3000       -0.0136       -0.0102       -0.0068
       46.4000       -0.0109       -0.0082       -0.0054
       46.5000       -0.0082       -0.0061       -0.0041
       46.6000       -0.0055       -0.0041       -0.0027
       46.7000       -0.0027       -0.0020       -0.0014
       46.8000        0.0000        0.0000        0.0000
       46.9000        0.0027        0.0020        0.0014
       47.0000        0.0055        0.0041        0.0027
       47.1000        0.0082        0.0061        0.0041
       47.2000        0.0109        0.0082        0.0054
       47.3000        0.0136        0.0102        0.0068
       47.4000        0.0163        0.0122        0.0081
       47.5000        0.0189        0.0142        0.0095
       47.6000        0.0215        0.0162        0.0108
       47.7000        0.0241        0.0181        0.0121
       47.8000        0.0267        0.0200        0.0134
       47.9000        0.0292        0.0219        0.0146
       48.0000        0.0317        0.0238        0.0159
       48.1000        0.0342        0.0256        0.0171
       48.2000        0.0366        0.0274        0.0183
       48.3000        0.0389        0.0292        0.0195
       48.4000        0.0412        0.0309        0.0206
       48.5000        0.0434        0.0326        0.0217
       48.6000        0.0456        0.0342        0.0228
       48.7000        0.0477        0.0358        0.0239
       48.8000        0.0498        0.0373        0.0249
       48.9000        0.0518        0.0388        0.0259
       49.0000        0.0537        0.0403        0.0268
       49.1000        0.0555        0.0417        0.0278
       49.2000        0.0573        0.0430        0.0286
       49.3000        0.0590        0.0442        0.0295
       49.4000        0.0606        0.0454        0.0303
       49.5000        0.0621        0.0466        0.0311
       49.6000        0.0636        0.0477        0.0318
       49.7000        0.0649        0.0487        0.0325
       49.8000        0.0662        0.0496        0.0331
       49.9000        0.0673        0.0505        0.0337
       50.0000        0.0684        0.0513        0.0342
       50.1000        0.0694        0.0521        0.0347
       50.2000        0.0703        0.0527        0.0351
       50.3000        0.0711        0.0533        0.0355
       50.4000        0.0718        0.0538        0.0359
       50.5000        0.0724        0.0543        0.0362
       50.6000        0.0729        0.0547        0.0364
       50.7000        0.0733        0.0550        0.0366
       50.8000        0.0736        0.0552        0.0368
       50.9000        0.0738        0.0554        0.0369
       51.0000        0.0739        0.0554        0.0370
