        0.0000        0.0000        0.0000        0.0000
        0.1000        0.0074        0.0055        0.0037
        0.2000        0.0148        0.0111        0.0074
        0.3000        0.0221        0.0166        0.0111
        0.4000        0.0295        0.0221        0.0147
        0.5000        0.0367        0.0276        0.0184
        0.6000        0.0440        0.0330        0.0220
        0.7000        0.0512        0.0384        0.0256
        0.8000        0.0583        0.0437        0.0291
        0.9000        0.0653        0.0490        0.0327
        1.0000        0.0722        0.0542        0.0361
        1.1000        0.0791        0.0593        0.0395
        1.2000        0.0858        0.0644        0.0429
        1.3000        0.0924        0.0693        0.0462
        1.4000        0.0989        0.0742        0.0495
        1.5000        0.1053        0.0790        0.0526
        1.6000        0.1115        0.0836        0.0557
        1.7000        0.1176        0.0882        0.0588
        1.8000        0.1235        0.0926        0.0617
        1.9000        0.1292        0.0969        0.0646
        2.0000        0.1347        0.1011        0.0674
        2.1000        0.1401        0.1051        0.0701
        2.2000        0.1453        0.1090        0.0726
        2.3000        0.1503        0.1127        0.0751
        2.4000        0.1550        0.1163        0.0775
        2.5000        0.1596        0.1197        0.0798
        2.6000        0.1639        0.1230        0.0820
        2.7000        0.1681        0.1261        0.0840
        2.8000        0.1720        0.1290        0.0860
        2.9000        0.1756        0.1317        0.0878
        3.0000        0.1790        0.1343        0.0895
        3.1000        0.1822        0.1367        0.0911
        3.2000        0.1851        0.1388        0.0926
        3.3000        0.1878        0.1408        0.0939
        3.4000        0.1902        0.1427        0.0951
        3.5000        0.1924        0.1443        0.0962
        3.6000        0.1943        0.1457        0.0971
        3.7000        0.1959        0.1469        0.0979
        3.8000        0.1972        0.1479        0.0986
        3.9000        0.1983        0.1487        0.0992
        4.0000        0.1991        0.1494        0.0996
        4.1000        0.1997        0.1498        0.0998
        4.2000        0.2000        0.1500        0.1000
        4.3000        0.2000        0.1500        0.1000
        4.4000        0.1997        0.1498        0.0998
        4.5000        0.1991        0.1494        0.0996
        4.6000        0.1983        0.1487        0.0992
        4.7000        0.1972        0.1479        0.0986
        4.8000        0.1959        0.1469        0.0979
        4.9000        0.1943        0.1457        0.0971
        5.0000        0.1924        0.1443        0.0962
        5.1000        0.1902        0.1427        0.0951
        5.2000        0.1878        0.1408        0.0939
        5.3000        0.1851        0.1388        0.0926
        5.4000        0.1822        0.1367        0.0911
        5.5000        0.1790        0.1343        0.0895
        5.6000        0.1756        0.1317        0.0878
        5.7000        0.1720        0.1290        0.0860
        5.8000        0.1681        0.1261        0.0840
        5.9000        0.1639        0.1230        0.0820
        6.0000        0.1596        0.1197        0.0798
        6.1000        0.1550        0.1163        0.0775
        6.2000        0.1503        0.1127        0.0751
        6.3000        0.1453        0.1090        0.0726
        6.4000        0.1401        0.1051        0.0701
        6.5000        0.1347        0.1011        0.0674
        6.6000        0.1292        0.0969        0.0646
        6.7000        0.1235        0.0926        0.0617
        6.8000        0.1176        0.0882        0.0588
        6.9000        0.1115        0.0836        0.0557
        7.0000        0.1053        0.0790        0.0526
        7.1000        0.0989        0.0742        0.0495
        7.2000        0.0924        0.0693        0.0462
        7.3000        0.0858        0.0644        0.0429
        7.4000        0.0791        0.0593        0.0395
        7.5000        0.0722        0.0542        0.0361
        7.6000        0.0653        0.0490        0.0327
        7.7000        0.0583        0.0437        0.0291
        7.8000        0.0512        0.0384        0.0256
        7.9000        0.0440        0.0330        0.0220
        8.0000        0.0367        0.0276        0.0184
        8.1000        0.0295        0.0221        0.0147
        8.2000        0.0221        0.0166        0.0111
        8.3000        0.0148        0.0111        0.0074
        8.4000        0.0074        0.0055        0.0037
        8.5000        0.0000        0.0000        0.0000
        8.6000       -0.0074       -0.0055       -0.0037
        8.7000       -0.0148       -0.0111       -0.0074
        8.8000       -0.0221       -0.0166       -0.0111
        8.9000       -0.0295       -0.0221       -0.0147
        9.0000       -0.0367       -0.0276       -0.0184
        9.1000       -0.0440       -0.0330       -0.0220
        9.2000       -0.0512       -0.0384       -0.0256
        9.3000       -0.0583       -0.0437       -0.0291
        9.4000       -0.0653       -0.0490       -0.0327
        9.5000       -0.0722       -0.0542       -0.0361
        9.6000       -0.0791       -0.0593       -0.0395
        9.7000       -0.0858       -0.0644       -0.0429
        9.8000       -0.0924       -0.0693       -0.0462
        9.9000       -0.0989       -0.0742       -0.0495
       10.0000       -0.1053       -0.0790       -0.0526
       10.1000       -0.1115       -0.0836       -0.0557
       10.2000       -0.1176       -0.0882       -0.0588
       10.3000       -0.1235       -0.0926       -0.0617
       10.4000       -0.1292       -0.0969       -0.0646
       10.5000       -0.1347       -0.1011       -0.0674
       10.6000       -0.1401       -0.1051       -0.0701
       10.7000       -0.1453       -0.1090       -0.0726
       10.8000       -0.1503       -0.1127       -0.0751
       10.9000       -0.1550       -0.1163       -0.0775
       11.0000       -0.1596       -0.1197       -0.0798
       11.1000       -0.1639       -0.1230       -0.0820
       11.2000       -0.1681       -0.1261       -0.0840
       11.3000       -0.1720       -0.1290       -0.0860
       11.4000       -0.1756       -0.1317       -0.0878
       11.5000       -0.1790       -0.1343       -0.0895
       11.6000       -0.1822       -0.1367       -0.0911
       11.7000       -0.1851       -0.1388       -0.0926
       11.8000       -0.1878       -0.1408       -0.0939
       11.9000       -0.1902       -0.1427       -0.0951
       12.0000       -0.1924       -0.1443       -0.0962
       12.1000       -0.1943       -0.1457       -0.0971
       12.2000       -0.1959       -0.1469       -0.0979
       12.3000       -0.1972       -0.1479       -0.0986
       12.4000       -0.1983       -0.1487       -0.0992
       12.5000       -0.1991       -0.1494       -0.0996
       12.6000       -0.1997       -0.1498       -0.0998
       12.7000       -0.2000       -0.1500       -0.1000
       12.8000       -0.2000       -0.1500       -0.1000
       12.9000       -0.1997       -0.1498       -0.0998
       13.0000       -0.1991       -0.1494       -0.0996
       13.1000       -0.1983       -0.1487       -0.0992
       13.2000       -0.1972       -0.1479       -0.0986
       13.3000       -0.1959       -0.1469       -0.0979
       13.4000       -0.1943       -0.1457       -0.0971
       13.5000       -0.1924       -0.1443       -0.0962
       13.6000       -0.1902       -0.1427       -0.0951
       13.7000       -0.1878       -0.1408       -0.0939
       13.8000       -0.1851       -0.1388       -0.0926
       13.9000       -0.1822       -0.1367       -0.0911
       14.0000       -0.1790       -0.1343       -0.0895
       14.1000       -0.1756       -0.1317       -0.0878
       14.2000       -0.1720       -0.1290       -0.0860
       14.3000       -0.1681       -0.1261       -0.0840
       14.4000       -0.1639       -0.1230       -0.0820
       14.5000       -0.1596       -0.1197       -0.0798
       14.6000       -0.1550       -0.1163       -0.0775
       14.7000       -0.1503       -0.1127       -0.0751
       14.8000       -0.1453       -0.1090       -0.0726
       14.9000       -0.1401       -0.1051       -0.0701
       15.0000       -0.1347       -0.1011       -0.0674
       15.1000       -0.1292       -0.0969       -0.0646
       15.2000       -0.1235       -0.0926       -0.0617
       15.3000       -0.1176       -0.0882       -0.0588
       15.4000       -0.1115       -0.0836       -0.0557
       15.5000       -0.1053       -0.0790       -0.0526
       15.6000       -0.0989       -0.0742       -0.0495
       15.7000       -0.0924       -0.0693       -0.0462
       15.8000       -0.0858       -0.0644       -0.0429
       15.9000       -0.0791       -0.0593       -0.0395
       16.0000       -0.0722       -0.0542       -0.0361
       16.1000       -0.0653       -0.0490       -0.0327
       16.2000       -0.0583       -0.0437       -0.0291
       16.3000       -0.0512       -0.0384       -0.0256
       16.4000       -0.0440       -0.0330       -0.0220
       16.5000       -0.0367       -0.0276       -0.0184
       16.6000       -0.0295       -0.0221       -0.0147
       16.7000       -0.0221       -0.0166       -0.0111
       16.8000       -0.0148       -0.0111       -0.0074
       16.9000       -0.0074       -0.0055       -0.0037
       17.0000       -0.0000       -0.0000       -0.0000
       17.1000        0.0074        0.0055        0.0037
       17.2000        0.0148        0.0111        0.0074
       17.3000        0.0221        0.0166        0.0111
       17.4000        0.0295        0.0221        0.0147
       17.5000        0.0367        0.0276        0.0184
       17.6000        0.0440        0.0330        0.0220
       17.7000        0.0512        0.0384        0.0256
       17.8000        0.0583        0.0437        0.0291
       17.9000        0.0653        0.0490        0.0327
       18.0000        0.0722        0.0542        0.0361
       18.1000        0.0791        0.0593        0.0395
       18.2000        0.0858        0.0644        0.0429
       18.3000        0.0924        0.0693        0.0462
       18.4000        0.0989        0.0742        0.0495
       18.5000        0.1053        0.0790        0.0526
       18.6000        0.1115        0.0836        0.0557
       18.7000        0.1176        0.0882        0.0588
       18.8000        0.1235        0.0926        0.0617
       18.9000        0.1292        0.0969        0.0646
       19.0000        0.1347        0.1011        0.0674
       19.1000        0.1401        0.1051        0.0701
       19.2000        0.1453        0.1090        0.0726
       19.3000        0.1503        0.1127        0.0751
       19.4000        0.1550        0.1163        0.0775
       19.5000        0.1596        0.1197        0.0798
       19.6000        0.1639        0.1230        0.0820
       19.7000        0.1681        0.1261        0.0840
       19.8000        0.1720        0.1290        0.0860
       19.9000        0.1756        0.1317        0.0878
       20.0000        0.1790        0.1343        0.0895
       20.1000        0.1822        0.1367        0.0911
       20.2000        0.1851        0.1388        0.0926
       20.3000        0.1878        0.1408        0.0939
       20.4000        0.1902        0.1427        0.0951
       20.5000        0.1924        0.1443        0.0962
       20.6000        0.1943        0.1457        0.0971
       20.7000        0.1959        0.1469        0.0979
       20.8000        0.1972        0.1479        0.0986
       20.9000        0.1983        0.1487        0.0992
       21.0000        0.1991        0.1494        0.0996
       21.1000        0.1997        0.1498        0.0998
       21.2000        0.2000        0.1500        0.1000
       21.3000        0.2000        0.1500        0.1000
       21.4000        0.1997        0.1498        0.0998
       21.5000        0.1991        0.1494        0.0996
       21.6000        0.1983        0.1487        0.0992
       21.7000        0.1972        0.1479        0.0986
       21.8000        0.1959        0.1469        0.0979
       21.9000        0.1943        0.1457        0.0971
       22.0000        0.1924        0.1443        0.0962
       22.1000        0.1902        0.1427        0.0951
       22.2000        0.1878        0.1408        0.0939
       22.3000        0.1851        0.1388        0.0926
       22.4000        0.1822        0.1367        0.0911
       22.5000        0.1790        0.1343        0.0895
       22.6000        0.1756        0.1317        0.0878
       22.7000        0.1720        0.1290        0.0860
       22.8000        0.1681        0.1261        0.0840
       22.9000        0.1639        0.1230        0.0820
       23.0000        0.1596        0.1197        0.0798
       23.1000        0.1550        0.1163        0.0775
       23.2000        0.1503        0.1127        0.0751
       23.3000        0.1453        0.1090        0.0726
       23.4000        0.1401        0.1051        0.0701
       23.5000        0.1347        0.1011        0.0674
       23.6000        0.1292        0.0969        0.0646
       23.7000        0.1235        0.0926        0.0617
       23.8000        0.1176        0.0882        0.0588
       23.9000        0.1115        0.0836        0.0557
       24.0000        0.1053        0.0790        0.0526
       24.1000        0.0989        0.0742        0.0495
       24.2000        0.0924        0.0693        0.0462
       24.3000        0.0858        0.0644        0.0429
       24.4000        0.0791        0.0593        0.0395
       24.5000        0.0722        0.0542        0.0361
       24.6000        0.0653        0.0490        0.0327
       24.7000        0.0583        0.0437        0.0291
       24.8000        0.0512        0.0384        0.0256
       24.9000        0.0440        0.0330        0.0220
       25.0000        0.0367        0.0276        0.0184
       25.1000        0.0295        0.0221        0.0147
       25.2000        0.0221        0.0166        0.0111
       25.3000        0.0148        0.0111        0.0074
       25.4000        0.0074        0.0055        0.0037
       25.5000        0.0000        0.0000        0.0000
       25.6000       -0.0074       -0.0055       -0.0037
       25.7000       -0.0148       -0.0111       -0.0074
       25.8000       -0.0221       -0.0166       -0.0111
       25.9000       -0.0295       -0.0221       -0.0147
       26.0000       -0.0367       -0.0276       -0.0184
       26.1000       -0.0440       -0.0330       -0.0220
       26.2000       -0.0512       -0.0384       -0.0256
       26.3000       -0.0583       -0.0437       -0.0291
       26.4000       -0.0653       -0.0490       -0.0327
       26.5000       -0.0722       -0.0542       -0.0361
       26.6000       -0.0791       -0.0593       -0.0395
       26.7000       -0.0858       -0.0644       -0.0429
       26.8000       -0.0924       -0.0693       -0.0462
       26.9000       -0.0989       -0.0742       -0.0495
       27.0000       -0.1053       -0.0790       -0.0526
       27.1000       -0.1115       -0.0836       -0.0557
       27.2000       -0.1176       -0.0882       -0.0588
       27.3000       -0.1235       -0.0926       -0.0617
       27.4000       -0.1292       -0.0969       -0.0646
       27.5000       -0.1347       -0.1011       -0.0674
       27.6000       -0.1401       -0.1051       -0.0701
       27.7000       -0.1453       -0.1090       -0.0726
       27.8000       -0.1503       -0.1127       -0.0751
       27.9000       -0.1550       -0.1163       -0.0775
       28.0000       -0.1596       -0.1197       -0.0798
       28.1000       -0.1639       -0.1230       -0.0820
       28.2000       -0.1681       -0.1261       -0.0840
       28.3000       -0.1720       -0.1290       -0.0860
       28.4000       -0.1756       -0.1317       -0.0878
       28.5000       -0.1790       -0.1343       -0.0895
       28.6000       -0.1822       -0.1367       -0.0911
       28.7000       -0.1851       -0.1388       -0.0926
       28.8000       -0.1878       -0.1408       -0.0939
       28.9000       -0.1902       -0.1427       -0.0951
       29.0000       -0.1924       -0.1443       -0.0962
       29.1000       -0.1943       -0.1457       -0.0971
       29.2000       -0.1959       -0.1469       -0.0979
       29.3000       -0.1972       -0.1479       -0.0986
       29.4000       -0.1983       -0.1487       -0.0992
       29.5000       -0.1991       -0.1494       -0.0996
       29.6000       -0.1997       -0.1498       -0.0998
       29.7000       -0.2000       -0.1500       -0.1000
       29.8000       -0.2000       -0.1500       -0.1000
       29.9000       -0.1997       -0.1498       -0.0998
       30.0000       -0.1991       -0.1494       -0.0996
       30.1000       -0.1983       -0.1487       -0.0992
       30.2000       -0.1972       -0.1479       -0.0986
       30.3000       -0.1959       -0.1469       -0.0979
       30.4000       -0.1943       -0.1457       -0.0971
       30.5000       -0.1924       -0.1443       -0.0962
       30.6000       -0.1902       -0.1427       -0.0951
       30.7000       -0.1878       -0.1408       -0.0939
       30.8000       -0.1851       -0.1388       -0.0926
       30.9000       -0.1822       -0.1367       -0.0911
       31.0000       -0.1790       -0.1343       -0.0895
       31.1000       -0.1756       -0.1317       -0.0878
       31.2000       -0.1720       -0.1290       -0.0860
       31.3000       -0.1681       -0.1261       -0.0840
       31.4000       -0.1639       -0.1230       -0.0820
       31.5000       -0.1596       -0.1197       -0.0798
       31.6000       -0.1550       -0.1163       -0.0775
       31.7000       -0.1503       -0.1127       -0.0751
       31.8000       -0.1453       -0.1090       -0.0726
       31.9000       -0.1401       -0.1051       -0.0701
       32.0000       -0.1347       -0.1011       -0.0674
       32.1000       -0.1292       -0.0969       -0.0646
       32.2000       -0.1235       -0.0926       -0.0617
       32.3000       -0.1176       -0.0882       -0.0588
       32.4000       -0.1115       -0.0836       -0.0557
       32.5000       -0.1053       -0.0790       -0.0526
       32.6000       -0.0989       -0.0742       -0.0495
       32.7000       -0.0924       -0.0693       -0.0462
       32.8000       -0.0858       -0.0644       -0.0429
       32.9000       -0.0791       -0.0593       -0.0395
       33.0000       -0.0722       -0.0542       -0.0361
       33.1000       -0.0653       -0.0490       -0.0327
       33.2000       -0.0583       -0.0437       -0.0291
       33.3000       -0.0512       -0.0384       -0.0256
       33.4000       -0.0440       -0.0330       -0.0220
       33.5000       -0.0367       -0.0276       -0.0184
       33.6000       -0.0295       -0.0221       -0.0147
       33.7000       -0.0221       -0.0166       -0.0111
       33.8000       -0.0148       -0.0111       -0.0074
       33.9000       -0.0074       -0.0055       -0.0037
       34.0000       -0.0000       -0.0000       -0.0000
       34.1000        0.0074        0.0055        0.0037
       34.2000        0.0148        0.0111        0.0074
       34.3000        0.0221        0.0166        0.0111
       34.4000        0.0295        0.0221        0.0147
       34.5000        0.0367        0.0276        0.0184
       34.6000        0.0440        0.0330        0.0220
       34.7000        0.0512        0.0384        0.0256
       34.8000        0.0583        0.0437        0.0291
       34.9000        0.0653        0.0490        0.0327
       35.0000        0.0722        0.0542        0.0361
       35.1000        0.0791        0.0593        0.0395
       35.2000        0.0858        0.0644        0.0429
       35.3000        0.0924        0.0693        0.0462
       35.4000        0.0989        0.0742        0.0495
       35.5000        0.1053        0.0790        0.0526
       35.6000        0.1115        0.0836        0.0557
       35.7000        0.1176        0.0882        0.0588
       35.8000        0.1235        0.0926        0.0617
       35.9000        0.1292        0.0969        0.0646
       36.0000        0.1347        0.1011        0.0674
       36.1000        0.1401        0.1051        0.0701
       36.2000        0.1453        0.1090        0.0726
       36.3000        0.1503        0.1127        0.0751
       36.4000        0.1550        0.1163        0.0775
       36.5000        0.1596        0.1197        0.0798
       36.6000        0.1639        0.1230        0.0820
       36.7000        0.1681        0.1261        0.0840
       36.8000        0.1720        0.1290        0.0860
       36.9000        0.1756        0.1317        0.0878
       37.0000        0.1790        0.1343        0.0895
       37.1000        0.1822        0.1367        0.0911
       37.2000        0.1851        0.1388        0.0926
       37.3000        0.1878        0.1408        0.0939
       37.4000        0.1902        0.1427        0.0951
       37.5000        0.1924        0.1443        0.0962
       37.6000        0.1943        0.1457        0.0971
       37.7000        0.1959        0.1469        0.0979
       37.8000        0.1972        0.1479        0.0986
       37.9000        0.1983        0.1487        0.0992
       38.0000        0.1991        0.1494        0.0996
       38.1000        0.1997        0.1498        0.0998
       38.2000        0.2000        0.1500        0.1000
       38.3000        0.2000        0.1500        0.1000
       38.4000        0.1997        0.1498        0.0998
       38.5000        0.1991        0.1494        0.0996
       38.6000        0.1983        0.1487        0.0992
       38.7000        0.1972        0.1479        0.0986
       38.8000        0.1959        0.1469        0.0979
       38.9000        0.1943        0.1457        0.0971
       39.0000        0.1924        0.1443        0.0962
       39.1000        0.1902        0.1427        0.0951
       39.2000        0.1878        0.1408        0.0939
       39.3000        0.1851        0.1388        0.0926
       39.4000        0.1822        0.1367        0.0911
       39.5000        0.1790        0.1343        0.0895
       39.6000        0.1756        0.1317        0.0878
       39.7000        0.1720        0.1290        0.0860
       39.8000        0.1681        0.1261        0.0840
       39.9000        0.1639        0.1230        0.0820
       40.0000        0.1596        0.1197        0.0798
       40.1000        0.1550        0.1163        0.0775
       40.2000        0.1503        0.1127        0.0751
       40.3000        0.1453        0.1090        0.0726
       40.4000        0.1401        0.1051        0.0701
       40.5000        0.1347        0.1011        0.0674
       40.6000        0.1292        0.0969        0.0646
       40.7000        0.1235        0.0926        0.0617
       40.8000        0.1176        0.0882        0.0588
       40.9000        0.1115        0.0836        0.0557
       41.0000        0.1053        0.0790        0.0526
       41.1000        0.0989        0.0742        0.0495
       41.2000        0.0924        0.0693        0.0462
       41.3000        0.0858        0.0644        0.0429
       41.4000        0.0791        0.0593        0.0395
       41.5000        0.0722        0.0542        0.0361
       41.6000        0.0653        0.0490        0.0327
       41.7000        0.0583        0.0437        0.0291
       41.8000        0.0512        0.0384        0.0256
       41.9000        0.0440        0.0330        0.0220
       42.0000        0.0367        0.0276        0.0184
       42.1000        0.0295        0.0221        0.0147
       42.2000        0.0221        0.0166        0.0111
       42.3000        0.0148        0.0111        0.0074
       42.4000        0.0074        0.0055        0.0037
       42.5000        0.0000        0.0000        0.0000
       42.6000       -0.0074       -0.0055       -0.0037
       42.7000       -0.0148       -0.0111       -0.0074
       42.8000       -0.0221       -0.0166       -0.0111
       42.9000       -0.0295       -0.0221       -0.0147
       43.0000       -0.0367       -0.0276       -0.0184
       43.1000       -0.0440       -0.0330       -0.0220
       43.2000       -0.0512       -0.0384       -0.0256
       43.3000       -0.0583       -0.0437       -0.0291
       43.4000       -0.0653       -0.0490       -0.0327
       43.5000       -0.0722       -0.0542       -0.0361
       43.6000       -0.0791       -0.0593       -0.0395
       43.7000       -0.0858       -0.0644       -0.0429
       43.8000       -0.0924       -0.0693       -0.0462
       43.9000       -0.0989       -0.0742       -0.0495
       44.0000       -0.1053       -0.0790       -0.0526
       44.1000       -0.1115       -0.0836       -0.0557
       44.2000       -0.1176       -0.0882       -0.0588
       44.3000       -0.1235       -0.0926       -0.0617
       44.4000       -0.1292       -0.0969       -0.0646
       44.5000       -0.1347       -0.1011       -0.0674
       44.6000       -0.1401       -0.1051       -0.0701
       44.7000       -0.1453       -0.1090       -0.0726
       44.8000       -0.1503       -0.1127       -0.0751
       44.9000       -0.1550       -0.1163       -0.0775
       45.0000       -0.1596       -0.1197       -0.0798
       45.1000       -0.1639       -0.1230       -0.0820
       45.2000       -0.1681       -0.1261       -0.0840
       45.3000       -0.1720       -0.1290       -0.0860
       45.4000       -0.1756       -0.1317       -0.0878
       45.5000       -0.1790       -0.1343       -0.0895
       45.6000       -0.1822       -0.1367       -0.0911
       45.7000       -0.1851       -0.1388       -0.0926
       45.8000       -0.1878       -0.1408       -0.0939
       45.9000       -0.1902       -0.1427       -0.0951
       46.0000       -0.1924       -0.1443       -0.0962
       46.1000       -0.1943       -0.1457       -0.0971
       46.2000       -0.1959       -0.1469       -0.0979
       46.3000       -0.1972       -0.1479       -0.0986
       46.4000       -0.1983       -0.1487       -0.0992
       46.5000       -0.1991       -0.1494       -0.0996
       46.6000       -0.1997       -0.1498       -0.0998
       46.7000       -0.2000       -0.1500       -0.1000
       46.8000       -0.2000       -0.1500       -0.1000
       46.9000       -0.1997       -0.1498       -0.0998
       47.0000       -0.1991       -0.1494       -0.0996
       47.1000       -0.1983       -0.1487       -0.0992
       47.2000       -0.1972       -0.1479       -0.0986
       47.3000       -0.1959       -0.1469       -0.0979
       47.4000       -0.1943       -0.1457       -0.0971
       47.5000       -0.1924       -0.1443       -0.0962
       47.6000       -0.1902       -0.1427       -0.0951
       47.7000       -0.1878       -0.1408       -0.0939
       47.8000       -0.1851       -0.1388       -0.0926
       47.9000       -0.1822       -0.1367       -0.0911
       48.0000       -0.1790       -0.1343       -0.0895
       48.1000       -0.1756       -0.1317       -0.0878
       48.2000       -0.1720       -0.1290       -0.0860
       48.3000       -0.1681       -0.1261       -0.0840
       48.4000       -0.1639       -0.1230       -0.0820
       48.5000       -0.1596       -0.1197       -0.0798
       48.6000       -0.1550       -0.1163       -0.0775
       48.7000       -0.1503       -0.1127       -0.0751
       48.8000       -0.1453       -0.1090       -0.0726
       48.9000       -0.1401       -0.1051       -0.0701
       49.0000       -0.1347       -0.1011       -0.0674
       49.1000       -0.1292       -0.0969       -0.0646
       49.2000       -0.1235       -0.0926       -0.0617
       49.3000       -0.1176       -0.0882       -0.0588
       49.4000       -0.1115       -0.0836       -0.0557
       49.5000       -0.1053       -0.0790       -0.0526
       49.6000       -0.0989       -0.0742       -0.0495
       49.7000       -0.0924       -0.0693       -0.0462
       49.8000       -0.0858       -0.0644       -0.0429
       49.9000       -0.0791       -0.0593       -0.0395
       50.0000       -0.0722       -0.0542       -0.0361
       50.1000       -0.0653       -0.0490       -0.0327
       50.2000       -0.0583       -0.0437       -0.0291
       50.3000       -0.0512       -0.0384       -0.0256
       50.4000       -0.0440       -0.0330       -0.0220
       50.5000       -0.0367       -0.0276       -0.0184
       50.6000       -0.0295       -0.0221       -0.0147
       50.7000       -0.0221       -0.0166       -0.0111
       50.8000       -0.0148       -0.0111       -0.0074
       50.9000       -0.0074       -0.0055       -0.0037
       51.0000       -0.0000       -0.0000       -0.0000
