        0.0000        0.0000        0.0000        0.0000
        0.1000        0.7390        0.5543        0.3695
        0.2000       -0.0010       -0.0008       -0.0005
        0.3000       -0.0020       -0.0015       -0.0010
        0.4000       -0.0030       -0.0023       -0.0015
        0.5000       -0.0040       -0.0030       -0.0020
        0.6000       -0.0050       -0.0038       -0.0025
        0.7000       -0.0060       -0.0045       -0.0030
        0.8000       -0.0070       -0.0052       -0.0035
        0.9000       -0.0080       -0.0060       -0.0040
        1.0000       -0.0089       -0.0067       -0.0045
        1.1000       -0.0099       -0.0074       -0.0049
        1.2000       -0.0108       -0.0081       -0.0054
        1.3000       -0.0117       -0.0088       -0.0059
        1.4000       -0.0126       -0.0095       -0.0063
        1.5000       -0.0135       -0.0101       -0.0068
        1.6000       -0.0144       -0.0108       -0.0072
        1.7000       -0.0152       -0.0114       -0.0076
        1.8000       -0.0161       -0.0120       -0.0080
        1.9000       -0.0169       -0.0126       -0.0084
        2.0000       -0.0176       -0.0132       -0.0088
        2.1000       -0.0184       -0.0138       -0.0092
        2.2000       -0.0191       -0.0144       -0.0096
        2.3000       -0.0198       -0.0149       -0.0099
        2.4000       -0.0205       -0.0154       -0.0103
        2.5000       -0.0212       -0.0159       -0.0106
        2.6000       -0.0218       -0.0163       -0.0109
        2.7000       -0.0224       -0.0168       -0.0112
        2.8000       -0.0230       -0.0172       -0.0115
        2.9000       -0.0235       -0.0176       -0.0117
        3.0000       -0.0240       -0.0180       -0.0120
        3.1000       -0.0245       -0.0183       -0.0122
        3.2000       -0.0249       -0.0187       -0.0124
        3.3000       -0.0253       -0.0190       -0.0126
        3.4000       -0.0257       -0.0192       -0.0128
        3.5000       -0.0260       -0.0195       -0.0130
        3.6000       -0.0263       -0.0197       -0.0131
        3.7000       -0.0265       -0.0199       -0.0133
        3.8000       -0.0268       -0.0201       -0.0134
        3.9000       -0.0269       -0.0202       -0.0135
        4.0000       -0.0271       -0.0203       -0.0135
        4.1000       -0.0272       -0.0204       -0.0136
        4.2000       -0.0273       -0.0205       -0.0136
        4.3000       -0.0273       -0.0205       -0.0137
        4.4000       -0.0273       -0.0205       -0.0137
        4.5000       -0.0273       -0.0205       -0.0136
        4.6000       -0.0272       -0.0204       -0.0136
        4.7000       -0.0271       -0.0203       -0.0135
        4.8000       -0.0269       -0.0202       -0.0135
        4.9000       -0.0268       -0.0201       -0.0134
        5.0000       -0.0265       -0.0199       -0.0133
        5.1000       -0.0263       -0.0197       -0.0131
        5.2000       -0.0260       -0.0195       -0.0130
        5.3000       -0.0257       -0.0192       -0.0128
        5.4000       -0.0253       -0.0190       -0.0126
        5.5000       -0.0249       -0.0187       -0.0124
        5.6000       -0.0245       -0.0183       -0.0122
        5.7000       -0.0240       -0.0180       -0.0120
        5.8000       -0.0235       -0.0176       -0.0117
        5.9000       -0.0230       -0.0172       -0.0115
        6.0000       -0.0224       -0.0168       -0.0112
        6.1000       -0.0218       -0.0163       -0.0109
        6.2000       -0.0212       -0.0159       -0.0106
        6.3000       -0.0205       -0.0154       -0.0103
        6.4000       -0.0198       -0.0149       -0.0099
        6.5000       -0.0191       -0.0144       -0.0096
        6.6000       -0.0184       -0.0138       -0.0092
        6.7000       -0.0176       -0.0132       -0.0088
        6.8000       -0.0169       -0.0126       -0.0084
        6.9000       -0.0161       -0.0120       -0.0080
        7.0000       -0.0152       -0.0114       -0.0076
        7.1000       -0.0144       -0.0108       -0.0072
        7.2000       -0.0135       -0.0101       -0.0068
        7.3000       -0.0126       -0.0095       -0.0063
        7.4000       -0.0117       -0.0088       -0.0059
        7.5000       -0.0108       -0.0081       -0.0054
        7.6000       -0.0099       -0.0074       -0.0049
        7.7000       -0.0089       -0.0067       -0.0045
        7.8000       -0.0080       -0.0060       -0.0040
        7.9000       -0.0070       -0.0052       -0.0035
        8.0000       -0.0060       -0.0045       -0.0030
        8.1000       -0.0050       -0.0038       -0.0025
        8.2000       -0.0040       -0.0030       -0.0020
        8.3000       -0.0030       -0.0023       -0.0015
        8.4000       -0.0020       -0.0015       -0.0010
        8.5000       -0.0010       -0.0008       -0.0005
        8.6000        0.0000        0.0000        0.0000
        8.7000        0.0010        0.0008        0.0005
        8.8000        0.0020        0.0015        0.0010
        8.9000        0.0030        0.0023        0.0015
        9.0000        0.0040        0.0030        0.0020
        9.1000        0.0050        0.0038        0.0025
        9.2000        0.0060        0.0045        0.0030
        9.3000        0.0070        0.0052        0.0035
        9.4000        0.0080        0.0060        0.0040
        9.5000        0.0089        0.0067        0.0045
        9.6000        0.0099        0.0074        0.0049
        9.7000        0.0108        0.0081        0.0054
        9.8000        0.0117        0.0088        0.0059
        9.9000        0.0126        0.0095        0.0063
       10.0000        0.0135        0.0101        0.0068
       10.1000        0.0144        0.0108        0.0072
       10.2000        0.0152        0.0114        0.0076
       10.3000        0.0161        0.0120        0.0080
       10.4000        0.0169        0.0126        0.0084
       10.5000        0.0176        0.0132        0.0088
       10.6000        0.0184        0.0138        0.0092
       10.7000        0.0191        0.0144        0.0096
       10.8000        0.0198        0.0149        0.0099
       10.9000        0.0205        0.0154        0.0103
       11.0000        0.0212        0.0159        0.0106
       11.1000        0.0218        0.0163        0.0109
       11.2000        0.0224        0.0168        0.0112
       11.3000        0.0230        0.0172        0.0115
       11.4000        0.0235        0.0176        0.0117
       11.5000        0.0240        0.0180        0.0120
       11.6000        0.0245        0.0183        0.0122
       11.7000        0.0249        0.0187        0.0124
       11.8000        0.0253        0.0190        0.0126
       11.9000        0.0257        0.0192        0.0128
       12.0000        0.0260        0.0195        0.0130
       12.1000        0.0263        0.0197        0.0131
       12.2000        0.0265        0.0199        0.0133
       12.3000        0.0268        0.0201        0.0134
       12.4000        0.0269        0.0202        0.0135
       12.5000        0.0271        0.0203        0.0135
       12.6000        0.0272        0.0204        0.0136
       12.7000        0.0273        0.0205        0.0136
       12.8000        0.0273        0.0205        0.0137
       12.9000        0.0273        0.0205        0.0137
       13.0000        0.0273        0.0205        0.0136
       13.1000        0.0272        0.0204        0.0136
       13.2000        0.0271        0.0203        0.0135
       13.3000        0.0269        0.0202        0.0135
       13.4000        0.0268        0.0201        0.0134
       13.5000        0.0265        0.0199        0.0133
       13.6000        0.0263        0.0197        0.0131
       13.7000        0.0260        0.0195        0.0130
       13.8000        0.0257        0.0192        0.0128
       13.9000        0.0253        0.0190        0.0126
       14.0000        0.0249        0.0187        0.0124
       14.1000        0.0245        0.0183        0.0122
       14.2000        0.0240        0.0180        0.0120
       14.3000        0.0235        0.0176        0.0117
       14.4000        0.0230        0.0172        0.0115
       14.5000        0.0224        0.0168        0.0112
       14.6000        0.0218        0.0163        0.0109
       14.7000        0.0212        0.0159        0.0106
       14.8000        0.0205        0.0154        0.0103
       14.9000        0.0198        0.0149        0.0099
       15.0000        0.0191        0.0144        0.0096
       15.1000        0.0184        0.0138        0.0092
       15.2000        0.0176        0.0132        0.0088
       15.3000        0.0169        0.0126        0.0084
       15.4000        0.0161        0.0120        0.0080
       15.5000        0.0152        0.0114        0.0076
       15.6000        0.0144        0.0108        0.0072
       15.7000        0.0135        0.0101        0.0068
       15.8000        0.0126        0.0095        0.0063
       15.9000        0.0117        0.0088        0.0059
       16.0000        0.0108        0.0081        0.0054
       16.1000        0.0099        0.0074        0.0049
       16.2000        0.0089        0.0067        0.0045
       16.3000        0.0080        0.0060        0.0040
       16.4000        0.0070        0.0052        0.0035
       16.5000        0.0060        0.0045        0.0030
       16.6000        0.0050        0.0038        0.0025
       16.7000        0.0040        0.0030        0.0020
       16.8000        0.0030        0.0023        0.0015
       16.9000        0.0020        0.0015        0.0010
       17.0000        0.0010        0.0008        0.0005
       17.1000        0.0000        0.0000        0.0000
       17.2000       -0.0010       -0.0008       -0.0005
       17.3000       -0.0020       -0.0015       -0.0010
       17.4000       -0.0030       -0.0023       -0.0015
       17.5000       -0.0040       -0.0030       -0.0020
       17.6000       -0.0050       -0.0038       -0.0025
       17.7000       -0.0060       -0.0045       -0.0030
       17.8000       -0.0070       -0.0052       -0.0035
       17.9000       -0.0080       -0.0060       -0.0040
       18.0000       -0.0089       -0.0067       -0.0045
       18.1000       -0.0099       -0.0074       -0.0049
       18.2000       -0.0108       -0.0081       -0.0054
       18.3000       -0.0117       -0.0088       -0.0059
       18.4000       -0.0126       -0.0095       -0.0063
       18.5000       -0.0135       -0.0101       -0.0068
       18.6000       -0.0144       -0.0108       -0.0072
       18.7000       -0.0152       -0.0114       -0.0076
       18.8000       -0.0161       -0.0120       -0.0080
       18.9000       -0.0169       -0.0126       -0.0084
       19.0000       -0.0176       -0.0132       -0.0088
       19.1000       -0.0184       -0.0138       -0.0092
       19.2000       -0.0191       -0.0144       -0.0096
       19.3000       -0.0198       -0.0149       -0.0099
       19.4000       -0.0205       -0.0154       -0.0103
       19.5000       -0.0212       -0.0159       -0.0106
       19.6000       -0.0218       -0.0163       -0.0109
       19.7000       -0.0224       -0.0168       -0.0112
       19.8000       -0.0230       -0.0172       -0.0115
       19.9000       -0.0235       -0.0176       -0.0117
       20.0000       -0.0240       -0.0180       -0.0120
       20.1000       -0.0245       -0.0183       -0.0122
       20.2000       -0.0249       -0.0187       -0.0124
       20.3000       -0.0253       -0.0190       -0.0126
       20.4000       -0.0257       -0.0192       -0.0128
       20.5000       -0.0260       -0.0195       -0.0130
       20.6000       -0.0263       -0.0197       -0.0131
       20.7000       -0.0265       -0.0199       -0.0133
       20.8000       -0.0268       -0.0201       -0.0134
       20.9000       -0.0269       -0.0202       -0.0135
       21.0000       -0.0271       -0.0203       -0.0135
       21.1000       -0.0272       -0.0204       -0.0136
       21.2000       -0.0273       -0.0205       -0.0136
       21.3000       -0.0273       -0.0205       -0.0137
       21.4000       -0.0273       -0.0205       -0.0137
       21.5000       -0.0273       -0.0205       -0.0136
       21.6000       -0.0272       -0.0204       -0.0136
       21.7000       -0.0271       -0.0203       -0.0135
       21.8000       -0.0269       -0.0202       -0.0135
       21.9000       -0.0268       -0.0201       -0.0134
       22.0000       -0.0265       -0.0199       -0.0133
       22.1000       -0.0263       -0.0197       -0.0131
       22.2000       -0.0260       -0.0195       -0.0130
       22.3000       -0.0257       -0.0192       -0.0128
       22.4000       -0.0253       -0.0190       -0.0126
       22.5000       -0.0249       -0.0187       -0.0124
       22.6000       -0.0245       -0.0183       -0.0122
       22.7000       -0.0240       -0.0180       -0.0120
       22.8000       -0.0235       -0.0176       -0.0117
       22.9000       -0.0230       -0.0172       -0.0115
       23.0000       -0.0224       -0.0168       -0.0112
       23.1000       -0.0218       -0.0163       -0.0109
       23.2000       -0.0212       -0.0159       -0.0106
       23.3000       -0.0205       -0.0154       -0.0103
       23.4000       -0.0198       -0.0149       -0.0099
       23.5000       -0.0191       -0.0144       -0.0096
       23.6000       -0.0184       -0.0138       -0.0092
       23.7000       -0.0176       -0.0132       -0.0088
       23.8000       -0.0169       -0.0126       -0.0084
       23.9000       -0.0161       -0.0120       -0.0080
       24.0000       -0.0152       -0.0114       -0.0076
       24.1000       -0.0144       -0.0108       -0.0072
       24.2000       -0.0135       -0.0101       -0.0068
       24.3000       -0.0126       -0.0095       -0.0063
       24.4000       -0.0117       -0.0088       -0.0059
       24.5000       -0.0108       -0.0081       -0.0054
       24.6000       -0.0099       -0.0074       -0.0049
       24.7000       -0.0089       -0.0067       -0.0045
       24.8000       -0.0080       -0.0060       -0.0040
       24.9000       -0.0070       -0.0052       -0.0035
       25.0000       -0.0060       -0.0045       -0.0030
       25.1000       -0.0050       -0.0038       -0.0025
       25.2000       -0.0040       -0.0030       -0.0020
       25.3000       -0.0030       -0.0023       -0.0015
       25.4000       -0.0020       -0.0015       -0.0010
       25.5000       -0.0010       -0.0008       -0.0005
       25.6000        0.0000       -0.0000        0.0000
       25.7000        0.0010        0.0008        0.0005
       25.8000        0.0020        0.0015        0.0010
       25.9000        0.0030        0.0023        0.0015
       26.0000        0.0040        0.0030        0.0020
       26.1000        0.0050        0.0038        0.0025
       26.2000        0.0060        0.0045        0.0030
       26.3000        0.0070        0.0052        0.0035
       26.4000        0.0080        0.0060        0.0040
       26.5000        0.0089        0.0067        0.0045
       26.6000        0.0099        0.0074        0.0049
       26.7000        0.0108        0.0081        0.0054
       26.8000        0.0117        0.0088        0.0059
       26.9000        0.0126        0.0095        0.0063
       27.0000        0.0135        0.0101        0.0068
       27.1000        0.0144        0.0108        0.0072
       27.2000        0.0152        0.0114        0.0076
       27.3000        0.0161        0.0120        0.0080
       27.4000        0.0169        0.0126        0.0084
       27.5000        0.0176        0.0132        0.0088
       27.6000        0.0184        0.0138        0.0092
       27.7000        0.0191        0.0144        0.0096
       27.8000        0.0198        0.0149        0.0099
       27.9000        0.0205        0.0154        0.0103
       28.0000        0.0212        0.0159        0.0106
       28.1000        0.0218        0.0163        0.0109
       28.2000        0.0224        0.0168        0.0112
       28.3000        0.0230        0.0172        0.0115
       28.4000        0.0235        0.0176        0.0117
       28.5000        0.0240        0.0180        0.0120
       28.6000        0.0245        0.0183        0.0122
       28.7000        0.0249        0.0187        0.0124
       28.8000        0.0253        0.0190        0.0126
       28.9000        0.0257        0.0192        0.0128
       29.0000        0.0260        0.0195        0.0130
       29.1000        0.0263        0.0197        0.0131
       29.2000        0.0265        0.0199        0.0133
       29.3000        0.0268        0.0201        0.0134
       29.4000        0.0269        0.0202        0.0135
       29.5000        0.0271        0.0203        0.0135
       29.6000        0.0272        0.0204        0.0136
       29.7000        0.0273        0.0205        0.0136
       29.8000        0.0273        0.0205        0.0137
       29.9000        0.0273        0.0205        0.0137
       30.0000        0.0273        0.0205        0.0136
       30.1000        0.0272        0.0204        0.0136
       30.2000        0.0271        0.0203        0.0135
       30.3000        0.0269        0.0202        0.0135
       30.4000        0.0268        0.0201        0.0134
       30.5000        0.0265        0.0199        0.0133
       30.6000        0.0263        0.0197        0.0131
       30.7000        0.0260        0.0195        0.0130
       30.8000        0.0257        0.0192        0.0128
       30.9000        0.0253        0.0190        0.0126
       31.0000        0.0249        0.0187        0.0124
       31.1000        0.0245        0.0183        0.0122
       31.2000        0.0240        0.0180        0.0120
       31.3000        0.0235        0.0176        0.0117
       31.4000        0.0230        0.0172        0.0115
       31.5000        0.0224        0.0168        0.0112
       31.6000        0.0218        0.0163        0.0109
       31.7000        0.0212        0.0159        0.0106
       31.8000        0.0205        0.0154        0.0103
       31.9000        0.0198        0.0149        0.0099
       32.0000        0.0191        0.0144        0.0096
       32.1000        0.0184        0.0138        0.0092
       32.2000        0.0176        0.0132        0.0088
       32.3000        0.0169        0.0126        0.0084
       32.4000        0.0161        0.0120        0.0080
       32.5000        0.0152        0.0114        0.0076
       32.6000        0.0144        0.0108        0.0072
       32.7000        0.0135        0.0101        0.0068
       32.8000        0.0126        0.0095        0.0063
       32.9000        0.0117        0.0088        0.0059
       33.0000        0.0108        0.0081        0.0054
       33.1000        0.0099        0.0074        0.0049
       33.2000        0.0089        0.0067        0.0045
       33.3000        0.0080        0.0060        0.0040
       33.4000        0.0070        0.0052        0.0035
       33.5000        0.0060        0.0045        0.0030
       33.6000        0.0050        0.0038        0.0025
       33.7000        0.0040        0.0030        0.0020
       33.8000        0.0030        0.0023        0.0015
       33.9000        0.0020        0.0015        0.0010
       34.0000        0.0010        0.0008        0.0005
       34.1000        0.0000        0.0000        0.0000
       34.2000       -0.0010       -0.0008       -0.0005
       34.3000       -0.0020       -0.0015       -0.0010
       34.4000       -0.0030       -0.0023       -0.0015
       34.5000       -0.0040       -0.0030       -0.0020
       34.6000       -0.0050       -0.0038       -0.0025
       34.7000       -0.0060       -0.0045       -0.0030
       34.8000       -0.0070       -0.0052       -0.0035
       34.9000       -0.0080       -0.0060       -0.0040
       35.0000       -0.0089       -0.0067       -0.0045
       35.1000       -0.0099       -0.0074       -0.0049
       35.2000       -0.0108       -0.0081       -0.0054
       35.3000       -0.0117       -0.0088       -0.0059
       35.4000       -0.0126       -0.0095       -0.0063
       35.5000       -0.0135       -0.0101       -0.0068
       35.6000       -0.0144       -0.0108       -0.0072
       35.7000       -0.0152       -0.0114       -0.0076
       35.8000       -0.0161       -0.0120       -0.0080
       35.9000       -0.0169       -0.0126       -0.0084
       36.0000       -0.0176       -0.0132       -0.0088
       36.1000       -0.0184       -0.0138       -0.0092
       36.2000       -0.0191       -0.0144       -0.0096
       36.3000       -0.0198       -0.0149       -0.0099
       36.4000       -0.0205       -0.0154       -0.0103
       36.5000       -0.0212       -0.0159       -0.0106
       36.6000       -0.0218       -0.0163       -0.0109
       36.7000       -0.0224       -0.0168       -0.0112
       36.8000       -0.0230       -0.0172       -0.0115
       36.9000       -0.0235       -0.0176       -0.0117
       37.0000       -0.0240       -0.0180       -0.0120
       37.1000       -0.0245       -0.0183       -0.0122
       37.2000       -0.0249       -0.0187       -0.0124
       37.3000       -0.0253       -0.0190       -0.0126
       37.4000       -0.0257       -0.0192       -0.0128
       37.5000       -0.0260       -0.0195       -0.0130
       37.6000       -0.0263       -0.0197       -0.0131
       37.7000       -0.0265       -0.0199       -0.0133
       37.8000       -0.0268       -0.0201       -0.0134
       37.9000       -0.0269       -0.0202       -0.0135
       38.0000       -0.0271       -0.0203       -0.0135
       38.1000       -0.0272       -0.0204       -0.0136
       38.2000       -0.0273       -0.0205       -0.0136
       38.3000       -0.0273       -0.0205       -0.0137
       38.4000       -0.0273       -0.0205       -0.0137
       38.5000       -0.0273       -0.0205       -0.0136
       38.6000       -0.0272       -0.0204       -0.0136
       38.7000       -0.0271       -0.0203       -0.0135
       38.8000       -0.0269       -0.0202       -0.0135
       38.9000       -0.0268       -0.0201       -0.0134
       39.0000       -0.0265       -0.0199       -0.0133
       39.1000       -0.0263       -0.0197       -0.0131
       39.2000       -0.0260       -0.0195       -0.0130
       39.3000       -0.0257       -0.0192       -0.0128
       39.4000       -0.0253       -0.0190       -0.0126
       39.5000       -0.0249       -0.0187       -0.0124
       39.6000       -0.0245       -0.0183       -0.0122
       39.7000       -0.0240       -0.0180       -0.0120
       39.8000       -0.0235       -0.0176       -0.0117
       39.9000       -0.0230       -0.0172       -0.0115
       40.0000       -0.0224       -0.0168       -0.0112
       40.1000       -0.0218       -0.0163       -0.0109
       40.2000       -0.0212       -0.0159       -0.0106
       40.3000       -0.0205       -0.0154       -0.0103
       40.4000       -0.0198       -0.0149       -0.0099
       40.5000       -0.0191       -0.0144       -0.0096
       40.6000       -0.0184       -0.0138       -0.0092
       40.7000       -0.0176       -0.0132       -0.0088
       40.8000       -0.0169       -0.0126       -0.0084
       40.9000       -0.0161       -0.0120       -0.0080
       41.0000       -0.0152       -0.0114       -0.0076
       41.1000       -0.0144       -0.0108       -0.0072
       41.2000       -0.0135       -0.0101       -0.0068
       41.3000       -0.0126       -0.0095       -0.0063
       41.4000       -0.0117       -0.0088       -0.0059
       41.5000       -0.0108       -0.0081       -0.0054
       41.6000       -0.0099       -0.0074       -0.0049
       41.7000       -0.0089       -0.0067       -0.0045
       41.8000       -0.0080       -0.0060       -0.0040
       41.9000       -0.0070       -0.0052       -0.0035
       42.0000       -0.0060       -0.0045       -0.0030
       42.1000       -0.0050       -0.0038       -0.0025
       42.2000       -0.0040       -0.0030       -0.0020
       42.3000       -0.0030       -0.0023       -0.0015
       42.4000       -0.0020       -0.0015       -0.0010
       42.5000       -0.0010       -0.0008       -0.0005
       42.6000        0.0000        0.0000        0.0000
       42.7000        0.0010        0.0008        0.0005
       42.8000        0.0020        0.0015        0.0010
       42.9000        0.0030        0.0023        0.0015
       43.0000        0.0040        0.0030        0.0020
       43.1000        0.0050        0.0038        0.0025
       43.2000        0.0060        0.0045        0.0030
       43.3000        0.0070        0.0052        0.0035
       43.4000        0.0080        0.0060        0.0040
       43.5000        0.0089        0.0067        0.0045
       43.6000        0.0099        0.0074        0.0049
       43.7000        0.0108        0.0081        0.0054
       43.8000        0.0117        0.0088        0.0059
       43.9000        0.0126        0.0095        0.0063
       44.0000        0.0135        0.0101        0.0068
       44.1000        0.0144        0.0108        0.0072
       44.2000        0.0152        0.0114        0.0076
       44.3000        0.0161        0.0120        0.0080
       44.4000        0.0169        0.0126        0.0084
       44.5000        0.0176        0.0132        0.0088
       44.6000        0.0184        0.0138        0.0092
       44.7000        0.0191        0.0144        0.0096
       44.8000        0.0198        0.0149        0.0099
       44.9000        0.0205        0.0154        0.0103
       45.0000        0.0212        0.0159        0.0106
       45.1000        0.0218        0.0163        0.0109
       45.2000        0.0224        0.0168        0.0112
       45.3000        0.0230        0.0172        0.0115
       45.4000        0.0235        0.0176        0.0117
       45.5000        0.0240        0.0180        0.0120
       45.6000        0.0245        0.0183        0.0122
       45.7000        0.0249        0.0187        0.0124
       45.8000        0.0253        0.0190        0.0126
       45.9000        0.0257        0.0192        0.0128
       46.0000        0.0260        0.0195        0.0130
       46.1000        0.0263        0.0197        0.0131
       46.2000        0.0265        0.0199        0.0133
       46.3000        0.0268        0.0201        0.0134
       46.4000        0.0269        0.0202        0.0135
       46.5000        0.0271        0.0203        0.0135
       46.6000        0.0272        0.0204        0.0136
       46.7000        0.0273        0.0205        0.0136
       46.8000        0.0273        0.0205        0.0137
       46.9000        0.0273        0.0205        0.0137
       47.0000        0.0273        0.0205        0.0136
       47.1000        0.0272        0.0204        0.0136
       47.2000        0.0271        0.0203        0.0135
       47.3000        0.0269        0.0202        0.0135
       47.4000        0.0268        0.0201        0.0134
       47.5000        0.0265        0.0199        0.0133
       47.6000        0.0263        0.0197        0.0131
       47.7000        0.0260        0.0195        0.0130
       47.8000        0.0257        0.0192        0.0128
       47.9000        0.0253        0.0190        0.0126
       48.0000        0.0249        0.0187        0.0124
       48.1000        0.0245        0.0183        0.0122
       48.2000        0.0240        0.0180        0.0120
       48.3000        0.0235        0.0176        0.0117
       48.4000        0.0230        0.0172        0.0115
       48.5000        0.0224        0.0168        0.0112
       48.6000        0.0218        0.0163        0.0109
       48.7000        0.0212        0.0159        0.0106
       48.8000        0.0205        0.0154        0.0103
       48.9000        0.0198        0.0149        0.0099
       49.0000        0.0191        0.0144        0.0096
       49.1000        0.0184        0.0138        0.0092
       49.2000        0.0176        0.0132        0.0088
       49.3000        0.0169        0.0126        0.0084
       49.4000        0.0161        0.0120        0.0080
       49.5000        0.0152        0.0114        0.0076
       49.6000        0.0144        0.0108        0.0072
       49.7000        0.0135        0.0101        0.0068
       49.8000        0.0126        0.0095        0.0063
       49.9000        0.0117        0.0088        0.0059
       50.0000        0.0108        0.0081        0.0054
       50.1000        0.0099        0.0074        0.0049
       50.2000        0.0089        0.0067        0.0045
       50.3000        0.0080        0.0060        0.0040
       50.4000        0.0070        0.0052        0.0035
       50.5000        0.0060        0.0045        0.0030
       50.6000        0.0050        0.0038        0.0025
       50.7000        0.0040        0.0030        0.0020
       50.8000        0.0030        0.0023        0.0015
       50.9000        0.0020        0.0015        0.0010
       51.0000        0.0010        0.0008        0.0005
